Within cluster sum of squared errors: 98.19591806660773
Cluster centroids:
                                               Cluster #
Attribute               0            1            2            3            4            5
                     (29)         (20)         (20)          (9)         (13)          (9)
===========================================================================================
Home               0.0000       0.9000       1.0000       0.0000       1.0000       1.0000
Products           1.0000       0.6500       0.9000       0.1111       0.3077       0.7778
Search             0.3103       0.8000       0.0000       0.1111       0.8462       0.6667
Prod_A             0.0345       0.8500       0.9000       1.0000       0.0769       0.7778
Prod_B             1.0000       0.1500       0.3500       0.4444       0.2308       1.0000
Prod_C             0.6552       0.7500       0.0500       0.0000       0.0769       1.0000
Cart               0.4828       0.9500       0.6000       0.7778       0.3846       0.4444
Purchase           0.3103       0.6500       0.4500       0.6667       0.1538       0.0000
