=== Run information ===

Scheme:weka.classifiers.functions.LibSVM -S 0 -K 2 -D 3 -G 0.0 -R 0.0 -N 0.5 -M 40.0 -C 10.0 -E 0.001 -P 0.1 -seed 1
Relation:     letter
Instances:    16000
Attributes:   17
              x-box
              y-box
              width
              high
              onpix
              x-bar
              y-bar
              x2bar
              y2bar
              xybar
              x2ybr
              xy2br
              x-ege
              xegvy
              y-ege
              yegvx
              class
Test mode:10-fold cross-validation

=== Classifier model (full training set) ===

LibSVM wrapper, original code by Yasser EL-Manzalawy (= WLSVM)

Time taken to build model: 13.67 seconds

=== Stratified cross-validation ===
=== Summary ===

Correctly Classified Instances       15620               97.625  %
Incorrectly Classified Instances       380                2.375  %
Kappa statistic                          0.9753
Mean absolute error                      0.0018
Root mean squared error                  0.0427
Relative absolute error                  2.4701 %
Root relative squared error             22.2266 %
Total Number of Instances            16000     

=== Detailed Accuracy By Class ===

               TP Rate   FP Rate   Precision   Recall  F-Measure   ROC Area  Class
                 0.998     0          0.997     0.998     0.998      0.999    A
                 0.967     0.002      0.947     0.967     0.957      0.982    B
                 0.983     0.001      0.986     0.983     0.985      0.991    C
                 0.967     0.002      0.948     0.967     0.957      0.982    D
                 0.972     0.002      0.961     0.972     0.967      0.985    E
                 0.966     0.001      0.972     0.966     0.969      0.982    F
                 0.964     0.001      0.976     0.964     0.97       0.982    G
                 0.93      0.002      0.941     0.93      0.936      0.964    H
                 0.972     0.001      0.975     0.972     0.974      0.986    I
                 0.959     0.001      0.974     0.959     0.966      0.979    J
                 0.962     0.002      0.956     0.962     0.959      0.98     K
                 0.977     0          0.99      0.977     0.983      0.988    L
                 0.987     0.001      0.981     0.987     0.984      0.993    M
                 0.984     0.001      0.978     0.984     0.981      0.992    N
                 0.972     0.001      0.977     0.972     0.974      0.986    O
                 0.965     0.001      0.979     0.965     0.972      0.982    P
                 0.989     0.001      0.98      0.989     0.984      0.994    Q
                 0.954     0.002      0.958     0.954     0.956      0.976    R
                 0.992     0          0.995     0.992     0.993      0.996    S
                 0.983     0          0.994     0.983     0.988      0.991    T
                 0.992     0          0.989     0.992     0.991      0.996    U
                 0.984     0.001      0.976     0.984     0.98       0.991    V
                 0.989     0          0.993     0.989     0.991      0.994    W
                 0.987     0.001      0.982     0.987     0.985      0.993    X
                 0.992     0.001      0.985     0.992     0.988      0.996    Y
                 0.988     0          0.99      0.988     0.989      0.994    Z
Weighted Avg.    0.976     0.001      0.976     0.976     0.976      0.988

=== Confusion Matrix ===

   a   b   c   d   e   f   g   h   i   j   k   l   m   n   o   p   q   r   s   t   u   v   w   x   y   z   <-- classified as
 632   0   0   0   0   0   0   0   0   0   0   0   0   0   0   0   0   0   0   0   1   0   0   0   0   0 |   a = A
   0 586   0   2   1   0   0   5   0   0   0   0   0   0   0   0   0   3   1   0   1   7   0   0   0   0 |   b = B
   0   0 579   0   4   0   1   1   0   0   0   1   0   0   1   0   0   0   0   0   0   1   0   0   1   0 |   c = C
   1   4   0 617   1   0   1   6   0   0   0   0   0   4   4   0   0   0   0   0   0   0   0   0   0   0 |   d = D
   0   0   2   0 599   1   6   0   0   0   0   3   0   0   0   0   0   0   0   0   0   0   0   0   0   5 |   e = E
   0   1   0   2   1 598   1   1   0   1   0   0   0   0   0   8   1   0   1   1   0   1   0   1   1   0 |   f = F
   0   2   1   4   5   0 565   2   0   0   0   1   1   0   2   0   1   0   0   0   0   1   1   0   0   0 |   g = G
   0   3   0  13   1   0   0 531   0   0  12   0   1   2   1   1   0   6   0   0   0   0   0   0   0   0 |   h = H
   0   0   0   0   0   1   0   0 591  13   0   0   0   1   0   1   0   0   0   0   0   0   0   1   0   0 |   i = I
   0   0   0   1   1   1   0   1  15 590   0   0   0   2   1   0   1   0   0   0   2   0   0   0   0   0 |   j = J
   0   1   0   0   0   0   0   6   0   0 581   0   0   0   0   0   0   9   0   0   1   0   0   6   0   0 |   k = K
   0   1   0   0   4   0   2   3   0   1   2 587   0   0   0   0   0   0   1   0   0   0   0   0   0   0 |   l = L
   0   2   0   0   0   0   1   0   0   0   0   0 631   1   1   0   0   0   0   0   0   2   1   0   0   0 |   m = M
   0   1   0   0   0   0   0   3   0   0   0   0   1 627   1   0   0   2   0   0   0   1   1   0   0   0 |   n = N
   0   1   5   6   0   0   0   0   0   0   0   0   0   0 591   0   3   0   0   0   1   0   1   0   0   0 |   o = O
   0   2   0   1   1  11   0   1   0   0   0   1   0   0   1 611   2   0   0   0   0   0   0   0   2   0 |   p = P
   0   0   0   1   0   0   1   0   0   0   0   0   0   0   1   1 632   1   0   0   0   0   0   0   1   1 |   q = Q
   0   7   0   1   1   0   0   2   0   0  10   0   0   3   0   0   2 577   0   0   0   1   0   1   0   0 |   r = R
   0   1   0   0   2   0   0   1   0   0   0   0   0   0   0   0   0   1 592   0   0   0   0   0   0   0 |   s = S
   0   1   0   1   0   1   0   1   0   0   0   0   0   0   0   0   0   0   0 632   0   1   0   1   5   0 |   t = T
   1   0   0   1   0   0   0   0   0   0   0   0   2   1   0   0   0   0   0   0 637   0   0   0   0   0 |   u = U
   0   5   0   0   0   2   1   0   0   0   0   0   1   0   0   1   0   0   0   0   0 602   0   0   0   0 |   v = V
   0   0   0   0   0   0   0   0   0   0   0   0   5   0   0   1   0   1   0   0   0   0 608   0   0   0 |   w = W
   0   0   0   1   0   0   0   0   0   0   3   0   0   0   1   0   0   2   0   1   0   0   0 610   0   0 |   x = X
   0   1   0   0   0   0   0   0   0   0   0   0   0   0   0   0   0   0   0   2   1   0   0   1 637   0 |   y = Y
   0   0   0   0   2   0   0   0   0   1   0   0   1   0   0   0   3   0   0   0   0   0   0   0   0 577 |   z = Z


