=== Run information ===

Scheme:weka.classifiers.functions.LibSVM -S 0 -K 2 -D 3 -G 0.0 -R 0.0 -N 0.5 -M 40.0 -C 1.0 -E 0.001 -P 0.1 -seed 1
Relation:     letter
Instances:    16000
Attributes:   17
              x-box
              y-box
              width
              high
              onpix
              x-bar
              y-bar
              x2bar
              y2bar
              xybar
              x2ybr
              xy2br
              x-ege
              xegvy
              y-ege
              yegvx
              class
Test mode:10-fold cross-validation

=== Classifier model (full training set) ===

LibSVM wrapper, original code by Yasser EL-Manzalawy (= WLSVM)

Time taken to build model: 14.03 seconds

=== Stratified cross-validation ===
=== Summary ===

Correctly Classified Instances       15491               96.8188 %
Incorrectly Classified Instances       509                3.1813 %
Kappa statistic                          0.9669
Mean absolute error                      0.0024
Root mean squared error                  0.0495
Relative absolute error                  3.3086 %
Root relative squared error             25.7241 %
Total Number of Instances            16000     

=== Detailed Accuracy By Class ===

               TP Rate   FP Rate   Precision   Recall  F-Measure   ROC Area  Class
                 0.998     0          0.995     0.998     0.997      0.999    A
                 0.96      0.003      0.921     0.96      0.94       0.979    B
                 0.969     0          0.99      0.969     0.979      0.985    C
                 0.959     0.003      0.922     0.959     0.94       0.978    D
                 0.972     0.002      0.96      0.972     0.966      0.985    E
                 0.948     0.001      0.97      0.948     0.959      0.974    F
                 0.964     0.001      0.961     0.964     0.963      0.981    G
                 0.869     0.003      0.925     0.869     0.896      0.933    H
                 0.947     0.001      0.981     0.947     0.964      0.973    I
                 0.966     0.002      0.953     0.966     0.96       0.982    J
                 0.949     0.002      0.95      0.949     0.949      0.973    K
                 0.967     0          0.99      0.967     0.978      0.983    L
                 0.984     0.001      0.98      0.984     0.982      0.992    M
                 0.972     0.001      0.975     0.972     0.973      0.985    N
                 0.964     0.002      0.954     0.964     0.959      0.981    O
                 0.961     0.001      0.967     0.961     0.964      0.98     P
                 0.986     0.001      0.975     0.986     0.981      0.992    Q
                 0.945     0.003      0.929     0.945     0.937      0.971    R
                 0.992     0          0.99      0.992     0.991      0.996    S
                 0.978     0.001      0.986     0.978     0.982      0.989    T
                 0.991     0.001      0.983     0.991     0.987      0.995    U
                 0.962     0.001      0.974     0.962     0.968      0.981    V
                 0.99      0          0.992     0.99      0.991      0.995    W
                 0.987     0.001      0.974     0.987     0.981      0.993    X
                 0.989     0.001      0.984     0.989     0.987      0.994    Y
                 0.991     0          0.991     0.991     0.991      0.996    Z
Weighted Avg.    0.968     0.001      0.968     0.968     0.968      0.983

=== Confusion Matrix ===

   a   b   c   d   e   f   g   h   i   j   k   l   m   n   o   p   q   r   s   t   u   v   w   x   y   z   <-- classified as
 632   0   0   0   0   0   0   0   0   0   0   0   0   0   0   0   0   0   0   0   0   0   0   0   1   0 |   a = A
   0 582   0   2   1   0   0   3   0   0   0   0   0   0   0   0   0   4   1   0   1  10   0   2   0   0 |   b = B
   0   0 571   0   5   0   2   1   0   0   0   1   1   0   6   0   0   0   0   1   0   1   0   0   0   0 |   c = C
   1   5   0 612   1   0   0   9   0   0   0   0   0   5   3   0   0   0   0   1   1   0   0   0   0   0 |   d = D
   0   0   2   0 599   1   6   0   0   0   0   2   0   0   0   0   0   0   1   0   0   0   0   0   0   5 |   e = E
   0   1   0   2   2 587   1   1   0   1   0   0   0   0   0  15   1   0   1   5   0   1   0   1   0   0 |   f = F
   0   2   0   5   4   0 565   0   0   0   0   0   1   0   3   0   1   2   1   0   0   1   1   0   0   0 |   g = G
   0   4   0  25   1   0   6 496   0   0  16   0   1   0   3   0   2  16   0   0   1   0   0   0   0   0 |   h = H
   0   0   0   1   0   2   0   0 576  27   0   0   0   1   0   0   0   0   0   0   0   0   0   1   0   0 |   i = I
   0   0   0   1   1   1   0   0  11 594   0   0   0   2   2   0   1   0   0   0   2   0   0   0   0   0 |   j = J
   0   1   0   1   1   0   0   8   0   0 573   0   0   0   0   0   0  13   0   0   1   0   0   6   0   0 |   k = K
   0   1   0   0   5   0   3   4   0   1   2 581   0   0   0   0   0   1   1   0   0   0   0   2   0   0 |   l = L
   0   5   0   0   0   0   2   0   0   0   0   0 629   2   0   0   0   0   0   0   0   0   1   0   0   0 |   m = M
   0   1   0   0   0   0   0   3   0   0   0   0   1 619   7   0   0   4   0   0   0   1   1   0   0   0 |   n = N
   0   1   4   7   0   0   1   0   0   0   0   0   1   2 586   0   3   0   0   0   1   0   2   0   0   0 |   o = O
   0   2   0   1   1  12   0   3   0   0   0   1   0   0   1 608   2   0   0   0   0   0   0   0   2   0 |   p = P
   0   0   0   0   0   0   1   0   0   0   0   0   0   0   2   2 630   2   0   0   0   0   0   0   2   0 |   q = Q
   0   9   0   2   1   0   0   3   0   0  11   0   0   3   0   0   2 572   0   0   0   1   0   1   0   0 |   r = R
   0   1   0   0   2   0   0   1   0   0   0   0   0   0   0   0   0   1 592   0   0   0   0   0   0   0 |   s = S
   0   1   0   2   0   1   0   1   0   0   0   1   0   0   0   1   0   0   0 629   0   1   0   2   4   0 |   t = T
   1   0   0   0   0   0   0   2   0   0   0   0   2   0   1   0   0   0   0   0 636   0   0   0   0   0 |   u = U
   0  16   0   0   0   1   1   1   0   0   0   0   0   1   0   2   0   0   0   0   0 589   0   0   1   0 |   v = V
   0   0   0   0   0   0   0   0   0   0   0   0   5   0   0   1   0   0   0   0   0   0 609   0   0   0 |   w = W
   0   0   0   3   0   0   0   0   0   0   1   1   0   0   0   0   1   1   0   1   0   0   0 610   0   0 |   x = X
   1   0   0   0   0   0   0   0   0   0   0   0   0   0   0   0   0   0   0   1   4   0   0   1 635   0 |   y = Y
   0   0   0   0   0   0   0   0   0   0   0   0   1   0   0   0   3   0   1   0   0   0   0   0   0 579 |   z = Z

